946.0,452.0,1058.0,464.0,1055.0,492.0,943.0,480.0,d Seating Reserve
230.0,0.0,366.0,0.0,366.0,20.0,230.0,20.0,"sndunn
770.0,0.0,868.0,0.0,868.0,24.0,770.0,24.0,WARWICK
642.0,29.0,740.0,41.0,737.0,64.0,640.0,52.0,Uordtueyinos
760.0,42.0,834.0,46.0,833.0,78.0,758.0,74.0,SNIMIS
0.0,46.0,124.0,60.0,121.0,87.0,-2.0,74.0,Daapstnttls
550.0,68.0,615.0,74.0,613.0,101.0,547.0,94.0,LINR
554.0,91.0,608.0,96.0,607.0,108.0,552.0,103.0,ARRRAINN
670.0,86.0,731.0,93.0,729.0,116.0,668.0,109.0,SYDNEY
754.0,94.0,816.0,98.0,815.0,119.0,752.0,115.0,x0
