868.0,342.0,942.0,342.0,942.0,394.0,868.0,394.0,Be a
902.0,494.0,956.0,494.0,956.0,514.0,902.0,514.0,op-up ataTalks22 T 20x120
882.0,385.0,973.0,374.0,979.0,422.0,887.0,433.0,with SingTeL
896.0,472.0,970.0,472.0,970.0,492.0,896.0,492.0,tspuaa SZ255 ady A0SX00
916.0,513.0,964.0,516.0,963.0,536.0,915.0,533.0,$2641 rth Sets (wo Cardsss
964.0,540.0,996.0,540.0,996.0,558.0,964.0,558.0,SIOUN M G71201
950.0,446.0,1012.0,446.0,1012.0,462.0,950.0,462.0,Prizes to win:
1062.0,614.0,1092.0,614.0,1092.0,632.0,1062.0,632.0,uer dpepos/ea O Aue
970.0,289.0,1247.0,260.0,1257.0,349.0,979.0,377.0,ulh 29
934.0,556.0,1026.0,561.0,1025.0,576.0,933.0,571.0,S10-2659 LTn ungorrd
910.0,671.0,976.0,684.0,973.0,703.0,907.0,689.0,Saappnl oAgHL
1222.0,660.0,1277.0,666.0,1275.0,685.0,1220.0,679.0,U 0
1202.0,401.0,1260.0,393.0,1266.0,445.0,1209.0,452.0,hi!
1218.0,472.0,1278.0,472.0,1278.0,512.0,1218.0,512.0,Z
900.0,580.0,971.0,590.0,969.0,605.0,898.0,596.0,UMSTMOH
994.0,604.0,1065.0,610.0,1063.0,629.0,992.0,623.0,Eprind
980.0,634.0,1069.0,645.0,1067.0,660.0,978.0,649.0,101S
980.0,648.0,1059.0,659.0,1057.0,675.0,978.0,664.0,SIEp Ho uAep L
