156.0,668.0,188.0,668.0,188.0,690.0,156.0,690.0,OF THE WALL AND
168.0,514.0,202.0,514.0,202.0,536.0,168.0,536.0,TO EXIT SIDE-GATE
152.0,692.0,217.0,687.0,219.0,712.0,154.0,717.0,OPEN GATE
164.0,580.0,210.0,580.0,210.0,602.0,164.0,602.0,THE CARD
160.0,622.0,226.0,622.0,226.0,644.0,160.0,644.0,RIGHT HAND
174.0,478.0,224.0,478.0,224.0,498.0,174.0,498.0,DENTS DEARRESI
168.0,536.0,244.0,536.0,244.0,556.0,168.0,556.0,"SCAN YOUR
161.0,602.0,259.0,597.0,260.0,620.0,162.0,624.0,READER AT THE
168.0,556.0,254.0,556.0,254.0,580.0,168.0,580.0,ACCESS CARD ON
156.0,646.0,209.0,643.0,211.0,667.0,158.0,670.0,SIDE
