468.0,362.0,502.0,362.0,502.0,394.0,468.0,394.0,For Beroy
822.0,264.0,860.0,264.0,860.0,282.0,822.0,282.0,Real Resuts from
844.0,244.0,854.0,244.0,854.0,260.0,844.0,260.0,deserve
840.0,282.0,876.0,282.0,876.0,300.0,840.0,300.0,Hair Experts!
306.0,390.0,368.0,390.0,368.0,432.0,306.0,432.0,For Health
1039.0,124.0,1141.0,121.0,1143.0,155.0,1040.0,158.0,#05-1 5-11
1040.0,110.0,1064.0,110.0,1064.0,124.0,1040.0,124.0,2
688.0,149.0,821.0,139.0,823.0,165.0,690.0,175.0,TRICHOKARE
624.0,138.0,684.0,138.0,684.0,194.0,624.0,194.0,Y
0.0,135.0,138.0,158.0,129.0,218.0,-9.0,196.0,NOL
0.0,254.0,58.0,254.0,58.0,288.0,0.0,288.0,O
296.0,228.0,572.0,228.0,572.0,346.0,296.0,346.0,guardian
14.0,342.0,119.0,334.0,121.0,364.0,16.0,371.0,REVLON
551.0,347.0,596.0,338.0,601.0,365.0,557.0,374.0,furma
12.0,428.0,83.0,422.0,86.0,451.0,14.0,457.0,RELL
804.0,564.0,924.0,564.0,924.0,586.0,804.0,586.0,6-3388-680
946.0,574.0,1066.0,574.0,1066.0,588.0,946.0,588.0,www.tk-hair.com
