410.0,58.0,434.0,58.0,434.0,82.0,410.0,82.0,ute aminu 72 times
398.0,82.0,462.0,82.0,462.0,106.0,398.0,106.0,hep p sau 0B000 00L
490.0,314.0,502.0,314.0,502.0,330.0,490.0,330.0,d Seating
806.0,109.0,902.0,112.0,901.0,125.0,805.0,121.0,XX CEO
414.0,6.0,545.0,19.0,543.0,42.0,412.0,29.0,Xumoux nonoa
398.0,30.0,554.0,37.0,553.0,61.0,397.0,54.0,stroq yurau tpp sbe.ae
380.0,106.0,534.0,106.0,534.0,128.0,380.0,128.0,36,000000m
806.0,132.0,866.0,132.0,866.0,144.0,806.0,144.0,54y
396.0,133.0,514.0,137.0,513.0,155.0,395.0,151.0,#ilovesciencecentre
430.0,322.0,454.0,322.0,454.0,340.0,430.0,340.0,RA
